118.005845723845 683.3885 560.196 -0.997518935799809
121.632658846216 573.2985 637.1645 -1.13634262959155
103.433718394922 563.009 647.5995 -1.17529497888544
125.077847391135 596.604 683.481 -0.606190883733517
122.8302287102 215.4865 676.733 -0.781719571759382
103.402337004538 200.2975 666.3625 -0.49086810338253
181.741426276455 641.382 474.3215 -0.917110242345995
106.025579941823 419.4505 587.1095 0.736012604105997
124.109482506374 379.84 614.368 0.675787893600713
119.569705046889 68.3495 568.253 -0.951527807406067
126.537197887617 41.89225 581.5615 -0.995417997750797
149.001243947828 507.1265 549.0315 -0.956293670822192
199.796283388856 604.046 460.525 -1.05462636097988
126.855314263928 560.9085 461.479 -0.672926274444738
142.736527076989 515.3755 429.9845 -0.63502525113955
120.11410187401 462.2425 435.959 -0.696287117323775
256.614357130715 201.74995 553.713 -0.599757494031514
104.598462861555 374.7915 409.156 0.611948564905059
105.762140570244 230.1355 383.4385 0.564443450861711
150.099680672545 678.8445 343.3775 -1.0025014952239
145.029782886137 567.424 354.045 -0.545676946065361
191.04449937122 595.441 305.083 -0.576106630026664
215.206305074921 513.368 231.626 0.195948425058959
136.924096674033 479.6025 252.2475 0.324799114203479
229.745713285362 435.9985 187.081 -0.384431320322546
102.999106641757 124.9525 246.599 -0.805603745103598
109.70943592399 30.9613 308.695 -1.20855931059123
129.774787370275 542.5005 151.103 -0.586335614287908
208.524711305399 358.819 94.2255 -1.12841457641327
101.35833577585 278.3005 78.00075 -0.595646622545832
131.733819969388 10.371901 217.8715 -1.41740100476962
149.66950548729 83.57955 177.632 -1.41704788941701
113.495388452571 180 74.88 0.623199329934066
